#
#
#  Percent Identity  Matrix - created by Clustal2.1 
#
#

     1: B2LT62.1    100.00   98.09    7.42    7.29    5.18    5.73    7.05    6.33    6.14    6.62    6.47    6.32    6.47    5.38   96.56   11.35    9.06    7.65    6.15    4.91    6.01    6.06    5.26    6.51    6.32    6.89    5.98    7.32    7.65    5.98    6.32    7.27    9.31    5.21
     2: B2LT65.1     98.09  100.00    7.42    7.14    5.01    5.56    7.05    6.33    5.96    6.47    6.32    6.18    6.83    5.21   95.03   11.35    9.06    7.78    6.15    5.09    6.01    6.42    5.44    6.51    6.18    7.02    5.98    7.67    7.83    5.98    6.14    7.14    9.44    5.37
     3: B6ZK76.1      7.42    7.42  100.00    5.71   11.52    6.94    5.11    7.56    7.89    4.89    5.75    5.89    6.12    5.38    7.56    6.85    6.10    5.85    6.15    7.89    6.18    6.60    8.07    7.85    5.89    5.71    6.71    6.97    4.70    7.00    8.07    6.13    7.85    6.68
     4: B6ZK77.1      7.29    7.14    5.71  100.00    8.85    5.21    5.29    6.33   11.75   49.93   62.64   62.64    5.22    5.90    7.14    7.29    5.73    5.14    7.26   11.23    5.48    4.81   11.40    6.86   62.64    7.29   11.22    5.05    4.35   11.22   11.75    6.00    6.57    6.19
     5: O95256.1      5.18    5.01   11.52    8.85  100.00    5.56    7.41    6.68    7.72    5.68    8.85    8.85    6.47    5.56    4.84    4.01    6.47    6.01    6.33    7.72    7.95    6.06    7.72    6.01    8.85    7.18    5.84    6.27    5.74    6.34    7.54    7.68    4.17   15.69
     6: P13504.1      5.73    5.56    6.94    5.21    5.56  100.00    5.11    7.03    5.09    6.08    5.38    5.56    4.50   85.59    5.38    4.86    5.36    7.47    7.82    5.61    7.07   12.83    5.61    6.60    5.56    8.51    4.69   12.37    7.65    4.69    5.09    6.77    5.21    6.08
     7: P14719.2      7.05    7.05    5.11    5.29    7.41    5.11  100.00    6.53    5.82    5.11    4.94    4.94    7.37    5.29    7.58    8.29    6.47    4.94    6.70    5.47   39.75    6.42    5.47    6.35    4.94    6.88    5.82    6.70    7.05    5.82    5.82    6.88    6.70    6.35
     8: P14778.1      6.33    6.33    7.56    6.33    6.68    7.03    6.53  100.00    5.80    5.80    6.50    6.50    6.47    7.56    6.85    4.92    9.06    6.50    5.77    6.68    5.83    8.38    6.15    5.80    6.50    5.62    5.45    8.26   11.42    5.27    5.80    5.62    5.10    6.68
     9: P59822.1      6.14    5.96    7.89   11.75    7.72    5.09    5.82    5.80  100.00   13.51   13.33   13.51    5.58    5.09    6.32    8.07    6.28    7.54    6.70   88.42    5.83    6.24   88.60    6.14   13.51    4.91    7.89    6.84    7.02    7.72   99.30    8.07    5.96    7.72
    10: P59823.1      6.62    6.47    4.89   49.93    5.68    6.08    5.11    5.80   13.51  100.00   66.62   66.04    6.12    5.56    6.62    6.62    7.39    6.62    7.82   12.81    5.48    6.60   12.98    7.34   65.90    6.19   12.68    7.32    6.09   12.97   13.51    4.89    7.48    8.79
    11: P59824.1      6.47    6.32    5.75   62.64    8.85    5.38    4.94    6.50   13.33   66.62  100.00   98.85    6.47    5.73    6.47    5.75    6.84    7.47    7.64   12.46    6.18    5.17   12.81    6.61   98.71    7.18   12.39    5.23    5.57   12.68   13.33    5.46    6.90    7.82
    12: P60029.1      6.32    6.18    5.89   62.64    8.85    5.56    4.94    6.50   13.51   66.04   98.85  100.00    6.47    5.90    6.32    5.89    6.84    7.61    8.01   12.63    6.18    5.35   12.98    6.47   99.86    7.18   12.24    5.40    5.39   12.68   13.51    5.46    6.75    7.98
    13: Q01638.4      6.47    6.83    6.12    5.22    6.47    4.50    7.37    6.47    5.58    6.12    6.47    6.47  100.00    4.68    6.65    5.94    6.65    7.01    6.52    5.94    6.83    5.76    5.76    5.94    6.47    4.86    5.40    5.76    6.83    5.40    5.58    7.01    6.29    5.04
    14: Q02955.1      5.38    5.21    5.38    5.90    5.56   85.59    5.29    7.56    5.09    5.56    5.73    5.90    4.68  100.00    5.03    5.21    6.10    6.94    8.19    5.26    6.71   13.01    5.26    5.73    5.90    7.12    4.51   12.02    8.00    4.51    5.09    6.08    5.03    5.73
    15: Q0GC71.1     96.56   95.03    7.56    7.14    4.84    5.38    7.58    6.85    6.32    6.62    6.47    6.32    6.65    5.03  100.00   11.48    8.87    7.91    6.33    5.26    6.01    6.24    5.61    6.38    6.32    7.02    6.12    7.67    7.65    6.12    6.49    7.02    9.69    5.05
    16: Q0ZUL9.1     11.35   11.35    6.85    7.29    4.01    4.86    8.29    4.92    8.07    6.62    5.75    5.89    5.94    5.21   11.48  100.00    7.21    6.62    6.15    7.19    4.95    6.24    7.19    5.86    5.89    5.07    5.69    6.62    5.74    5.39    7.89    8.37   43.60    5.54
    17: Q13478.1      9.06    9.06    6.10    5.73    6.47    5.36    6.47    9.06    6.28    7.39    6.84    6.84    6.65    6.10    8.87    7.21  100.00    6.84    9.12    6.10    5.91    4.99    6.28    5.18    6.84    6.65    5.18    5.18    7.21    5.55    6.10    6.65    6.65    6.10
    18: Q15399.3      7.65    7.78    5.85    5.14    6.01    7.47    4.94    6.50    7.54    6.62    7.47    7.61    7.01    6.94    7.91    6.62    6.84  100.00    8.57    7.37    7.07    8.02    7.54    7.52    7.61    8.65    6.41    6.79    5.22    6.41    7.72    4.83    6.87    4.23
    19: Q61098.1      6.15    6.15    6.15    7.26    6.33    7.82    6.70    5.77    6.70    7.82    7.64    8.01    6.52    8.19    6.33    6.15    9.12    8.57  100.00    6.52    8.19    6.33    6.33    7.26    8.01    6.33    7.26    5.40    7.64    6.89    6.89    5.77    5.96    4.66
    20: Q61730.1      4.91    5.09    7.89   11.23    7.72    5.61    5.47    6.68   88.42   12.81   12.46   12.63    5.94    5.26    5.26    7.19    6.10    7.37    6.52  100.00    5.83    6.77   95.09    5.79   12.63    4.56    7.54    6.84    7.19    7.37   89.12    8.25    5.26    7.02
    21: Q62611.1      6.01    6.01    6.18    5.48    7.95    7.07   39.75    5.83    5.83    5.48    6.18    6.18    6.83    6.71    6.01    4.95    5.91    7.07    8.19    5.83  100.00    8.91    5.65    4.95    6.18    8.30    5.65    9.89   11.13    5.83    5.83    6.36    5.30    6.89
    22: Q62929.1      6.06    6.42    6.60    4.81    6.06   12.83    6.42    8.38    6.24    6.60    5.17    5.35    5.76   13.01    6.24    6.24    4.99    8.02    6.33    6.77    8.91  100.00    6.77    5.88    5.35    5.35    6.77   83.60    7.13    6.95    6.60    5.70    5.53    5.70
    23: Q63621.1      5.26    5.44    8.07   11.40    7.72    5.61    5.47    6.15   88.60   12.98   12.81   12.98    5.76    5.26    5.61    7.19    6.28    7.54    6.33   95.09    5.65    6.77  100.00    6.14   12.98    4.91    7.89    6.67    7.02    7.72   88.95    8.07    4.91    7.37
    24: Q689D1.1      6.51    6.51    7.85    6.86    6.01    6.60    6.35    5.80    6.14    7.34    6.61    6.47    5.94    5.73    6.38    5.86    5.18    7.52    7.26    5.79    4.95    5.88    6.14  100.00    6.47    8.54    7.87    5.40    5.57    7.87    6.14    4.97    7.52    6.51
    25: Q7YQL9.1      6.32    6.18    5.89   62.64    8.85    5.56    4.94    6.50   13.51   65.90   98.71   99.86    6.47    5.90    6.32    5.89    6.84    7.61    8.01   12.63    6.18    5.35   12.98    6.47  100.00    7.18   12.24    5.40    5.39   12.68   13.51    5.46    6.75    8.14
    26: Q9EPQ1.1      6.89    7.02    5.71    7.29    7.18    8.51    6.88    5.62    4.91    6.19    7.18    7.18    4.86    7.12    7.02    5.07    6.65    8.65    6.33    4.56    8.30    5.35    4.91    8.54    7.18  100.00    7.43    4.53    6.78    7.58    4.91    5.66    6.04    6.35
    27: Q9ERS6.1      5.98    5.98    6.71   11.22    5.84    4.69    5.82    5.45    7.89   12.68   12.39   12.24    5.40    4.51    6.12    5.69    5.18    6.41    7.26    7.54    5.65    6.77    7.89    7.87   12.24    7.43  100.00    6.27    5.91   94.46    7.89    7.14    6.27    7.33
    28: Q9ERS7.1      7.32    7.67    6.97    5.05    6.27   12.37    6.70    8.26    6.84    7.32    5.23    5.40    5.76   12.02    7.67    6.62    5.18    6.79    5.40    6.84    9.89   83.60    6.67    5.40    5.40    4.53    6.27  100.00    6.97    6.27    7.02    5.92    5.75    6.27
    29: Q9HB29.2      7.65    7.83    4.70    4.35    5.74    7.65    7.05   11.42    7.02    6.09    5.57    5.39    6.83    8.00    7.65    5.74    7.21    5.22    7.64    7.19   11.13    7.13    7.02    5.57    5.39    6.78    5.91    6.97  100.00    5.74    7.02    5.39    6.61    7.48
    30: Q9NP60.1      5.98    5.98    7.00   11.22    6.34    4.69    5.82    5.27    7.72   12.97   12.68   12.68    5.40    4.51    6.12    5.39    5.55    6.41    6.89    7.37    5.83    6.95    7.72    7.87   12.68    7.58   94.46    6.27    5.74  100.00    7.72    7.14    5.98    7.33
    31: Q9NPH3.2      6.32    6.14    8.07   11.75    7.54    5.09    5.82    5.80   99.30   13.51   13.33   13.51    5.58    5.09    6.49    7.89    6.10    7.72    6.89   89.12    5.83    6.60   88.95    6.14   13.51    4.91    7.89    7.02    7.02    7.72  100.00    8.07    5.79    7.54
    32: Q9VUN0.1      7.27    7.14    6.13    6.00    7.68    6.77    6.88    5.62    8.07    4.89    5.46    5.46    7.01    6.08    7.02    8.37    6.65    4.83    5.77    8.25    6.36    5.70    8.07    4.97    5.46    5.66    7.14    5.92    5.39    7.14    8.07  100.00    7.54    6.03
    33: Q9Y2C9.2      9.31    9.44    7.85    6.57    4.17    5.21    6.70    5.10    5.96    7.48    6.90    6.75    6.29    5.03    9.69   43.60    6.65    6.87    5.96    5.26    5.30    5.53    4.91    7.52    6.75    6.04    6.27    5.75    6.61    5.98    5.79    7.54  100.00    5.21
    34: Q9Z2B1.1      5.21    5.37    6.68    6.19   15.69    6.08    6.35    6.68    7.72    8.79    7.82    7.98    5.04    5.73    5.05    5.54    6.10    4.23    4.66    7.02    6.89    5.70    7.37    6.51    8.14    6.35    7.33    6.27    7.48    7.33    7.54    6.03    5.21  100.00
