TM-Align | PSI,1fyx,1o77,5wy8,1fyw,1t3g,1fyv,6u6u,2z7x,2z81,2z82
1fyx,1.0,0.957,0.05,0.993,0.224,0.482,0.038,0.04,0.083,0.083
1o77,0.957,1.0,0.081,0.963,0.226,0.511,0.061,0.043,0.106,0.085
5wy8,0.05,0.081,1.0,0.064,0.038,0.037,0.242,0.076,0.076,0.064
1fyw,0.993,0.963,0.064,1.0,0.227,0.493,0.056,0.021,0.031,0.088
1t3g,0.224,0.226,0.038,0.227,1.0,0.248,0.078,0.153,0.134,0.12
1fyv,0.482,0.511,0.037,0.493,0.248,1.0,0.073,0.087,0.096,0.147
6u6u,0.038,0.061,0.242,0.056,0.078,0.073,1.0,0.066,0.09,0.058
2z7x,0.04,0.043,0.076,0.021,0.153,0.087,0.066,1.0,0.683,0.683
2z81,0.083,0.106,0.076,0.031,0.134,0.096,0.09,0.683,1.0,1.0
2z82,0.083,0.085,0.064,0.088,0.12,0.147,0.058,0.683,1.0,1.0
