TM-Align | RMSD,1fyx,1o77,5wy8,1fyw,1t3g,1fyv,6u6u,2z7x,2z81,2z82
1fyx,0.0,1.47,5.21,0.27,3.21,2.14,4.89,5.19,4.91,4.93
1o77,1.47,0.0,4.9,1.41,2.95,1.5,5.03,4.58,4.95,5.02
5wy8,5.21,4.9,0.0,5.07,5.17,5.48,2.92,6.72,6.9,6.81
1fyw,0.27,1.41,5.07,0.0,3.16,2.03,6.05,5.19,5.17,4.74
1t3g,3.21,2.95,5.17,3.16,0.0,3.28,6.14,4.94,4.92,4.78
1fyv,2.14,1.5,5.48,2.03,3.28,0.0,5.03,4.97,5.19,5.29
6u6u,4.89,5.03,2.92,6.05,6.14,5.03,0.0,5.96,6.3,5.98
2z7x,5.19,4.58,6.72,5.19,4.94,4.97,5.96,0.0,1.79,1.84
2z81,4.91,4.95,6.9,5.17,4.92,5.19,6.3,1.79,0.0,0.39
2z82,4.93,5.02,6.81,4.74,4.78,5.29,5.98,1.84,0.39,0.0
